   2.1440000e+02   1.3010000e+02   1.3030000e+02   9.7000000e+00   1.1700000e+01   1.3980000e+02
   2.1490000e+02   1.3050000e+02   1.3020000e+02   1.1000000e+01   1.1500000e+01   1.3950000e+02
   2.1490000e+02   1.3030000e+02   1.3010000e+02   8.7000000e+00   1.1700000e+01   1.4020000e+02
   2.1500000e+02   1.3040000e+02   1.3060000e+02   9.9000000e+00   1.0900000e+01   1.4030000e+02
   2.1470000e+02   1.3020000e+02   1.3030000e+02   1.1800000e+01   1.0900000e+01   1.3970000e+02
   2.1500000e+02   1.3020000e+02   1.3020000e+02   1.0600000e+01   1.0700000e+01   1.3990000e+02
   2.1530000e+02   1.3030000e+02   1.3010000e+02   9.3000000e+00   1.2100000e+01   1.4020000e+02
   2.1480000e+02   1.3010000e+02   1.3040000e+02   9.8000000e+00   1.1500000e+01   1.3990000e+02
   2.1500000e+02   1.3020000e+02   1.2990000e+02   1.0000000e+01   1.1900000e+01   1.3940000e+02
   2.1520000e+02   1.3060000e+02   1.3080000e+02   1.0400000e+01   1.1200000e+01   1.4030000e+02
   2.1520000e+02   1.3040000e+02   1.3030000e+02   8.0000000e+00   1.1500000e+01   1.3920000e+02
   2.1510000e+02   1.3050000e+02   1.3030000e+02   1.0600000e+01   1.1500000e+01   1.4010000e+02
   2.1540000e+02   1.3070000e+02   1.3110000e+02   9.7000000e+00   1.1800000e+01   1.4060000e+02
   2.1490000e+02   1.3040000e+02   1.2990000e+02   1.1400000e+01   1.1000000e+01   1.3990000e+02
   2.1510000e+02   1.3030000e+02   1.3000000e+02   1.0600000e+01   1.0800000e+01   1.3970000e+02
   2.1550000e+02   1.3040000e+02   1.3000000e+02   8.2000000e+00   1.1200000e+01   1.3920000e+02
   2.1470000e+02   1.3060000e+02   1.3010000e+02   1.1800000e+01   1.0500000e+01   1.3980000e+02
   2.1470000e+02   1.3040000e+02   1.3010000e+02   1.2100000e+01   1.0400000e+01   1.3990000e+02
   2.1480000e+02   1.3050000e+02   1.3020000e+02   1.1000000e+01   1.1000000e+01   1.4000000e+02
   2.1440000e+02   1.3020000e+02   1.2990000e+02   1.0100000e+01   1.2000000e+01   1.3920000e+02
   2.1480000e+02   1.3030000e+02   1.3040000e+02   1.0100000e+01   1.2100000e+01   1.3960000e+02
   2.1510000e+02   1.3060000e+02   1.3030000e+02   1.2300000e+01   1.0200000e+01   1.3960000e+02
   2.1530000e+02   1.3080000e+02   1.3110000e+02   1.1600000e+01   1.0600000e+01   1.4020000e+02
   2.1510000e+02   1.3070000e+02   1.3040000e+02   1.0500000e+01   1.1200000e+01   1.3970000e+02
   2.1470000e+02   1.3050000e+02   1.3050000e+02   9.9000000e+00   1.0300000e+01   1.4010000e+02
   2.1490000e+02   1.3000000e+02   1.3030000e+02   1.0200000e+01   1.1400000e+01   1.3960000e+02
   2.1500000e+02   1.3040000e+02   1.3040000e+02   9.4000000e+00   1.1600000e+01   1.4020000e+02
   2.1550000e+02   1.3070000e+02   1.3030000e+02   1.0200000e+01   1.1800000e+01   1.4000000e+02
   2.1510000e+02   1.3020000e+02   1.3020000e+02   1.0100000e+01   1.1300000e+01   1.4030000e+02
   2.1450000e+02   1.3020000e+02   1.3060000e+02   9.8000000e+00   1.2100000e+01   1.3990000e+02
   2.1430000e+02   1.3020000e+02   1.3000000e+02   1.0700000e+01   1.0500000e+01   1.3980000e+02
   2.1450000e+02   1.3020000e+02   1.2980000e+02   1.2300000e+01   1.1200000e+01   1.3920000e+02
   2.1490000e+02   1.3050000e+02   1.3020000e+02   1.0600000e+01   1.1500000e+01   1.3990000e+02
   2.1460000e+02   1.3020000e+02   1.3040000e+02   1.0500000e+01   1.1800000e+01   1.3970000e+02
   2.1420000e+02   1.3000000e+02   1.3020000e+02   1.1000000e+01   1.1200000e+01   1.3950000e+02
   2.1480000e+02   1.3010000e+02   1.3010000e+02   1.1900000e+01   1.1100000e+01   1.3950000e+02
   2.1460000e+02   1.2980000e+02   1.3020000e+02   1.0700000e+01   1.1100000e+01   1.3940000e+02
   2.1490000e+02   1.3070000e+02   1.3030000e+02   9.3000000e+00   1.1200000e+01   1.3830000e+02
   2.1460000e+02   1.3040000e+02   1.3040000e+02   1.1300000e+01   1.0800000e+01   1.3980000e+02
   2.1450000e+02   1.3050000e+02   1.3020000e+02   1.1800000e+01   1.0200000e+01   1.3960000e+02
   2.1480000e+02   1.3020000e+02   1.3030000e+02   1.0000000e+01   1.1900000e+01   1.3930000e+02
   2.1470000e+02   1.3000000e+02   1.2940000e+02   1.0200000e+01   1.1000000e+01   1.3920000e+02
   2.1460000e+02   1.3020000e+02   1.3040000e+02   1.1200000e+01   1.0700000e+01   1.3990000e+02
   2.1500000e+02   1.3050000e+02   1.3040000e+02   1.0600000e+01   1.1100000e+01   1.3990000e+02
   2.1450000e+02   1.2980000e+02   1.2980000e+02   1.1400000e+01   1.0000000e+01   1.3930000e+02
   2.1490000e+02   1.3060000e+02   1.3040000e+02   1.1900000e+01   1.0500000e+01   1.3980000e+02
   2.1500000e+02   1.3050000e+02   1.3040000e+02   1.1400000e+01   1.0700000e+01   1.3990000e+02
   2.1530000e+02   1.3060000e+02   1.3030000e+02   9.3000000e+00   1.1300000e+01   1.3810000e+02
   2.1470000e+02   1.3020000e+02   1.3010000e+02   1.0700000e+01   1.1000000e+01   1.3940000e+02
   2.1490000e+02   1.2990000e+02   1.3000000e+02   9.9000000e+00   1.2300000e+01   1.3940000e+02
   2.1490000e+02   1.3030000e+02   1.2990000e+02   1.1900000e+01   1.0600000e+01   1.3980000e+02
   2.1460000e+02   1.2990000e+02   1.2970000e+02   1.1900000e+01   1.0100000e+01   1.3900000e+02
   2.1460000e+02   1.2970000e+02   1.2930000e+02   1.0400000e+01   1.1000000e+01   1.3930000e+02
   2.1450000e+02   1.3010000e+02   1.3010000e+02   1.2100000e+01   1.0300000e+01   1.3940000e+02
   2.1450000e+02   1.3030000e+02   1.3000000e+02   1.1000000e+01   1.1500000e+01   1.3950000e+02
   2.1510000e+02   1.3000000e+02   1.3030000e+02   1.1600000e+01   1.0500000e+01   1.3970000e+02
   2.1420000e+02   1.2970000e+02   1.2960000e+02   1.0300000e+01   1.1400000e+01   1.3950000e+02
   2.1440000e+02   1.3010000e+02   1.3000000e+02   1.1300000e+01   1.0700000e+01   1.3920000e+02
   2.1780000e+02   1.3040000e+02   1.3060000e+02   1.2500000e+01   1.0000000e+01   1.3930000e+02
   2.1460000e+02   1.3060000e+02   1.3010000e+02   8.1000000e+00   1.2100000e+01   1.3790000e+02
   2.1560000e+02   1.3010000e+02   1.2970000e+02   7.4000000e+00   1.2200000e+01   1.3840000e+02
   2.1490000e+02   1.3050000e+02   1.3010000e+02   9.9000000e+00   1.0200000e+01   1.3810000e+02
   2.1460000e+02   1.3010000e+02   1.3000000e+02   1.1500000e+01   1.0600000e+01   1.3950000e+02
   2.1470000e+02   1.3010000e+02   1.3020000e+02   1.1600000e+01   1.0900000e+01   1.3910000e+02
   2.1430000e+02   1.3030000e+02   1.3000000e+02   1.1400000e+01   1.0500000e+01   1.3980000e+02
   2.1510000e+02   1.3030000e+02   1.3060000e+02   1.0300000e+01   1.2000000e+01   1.3970000e+02
   2.1630000e+02   1.3070000e+02   1.3040000e+02   1.0000000e+01   1.0100000e+01   1.3880000e+02
   2.1560000e+02   1.3040000e+02   1.3010000e+02   9.6000000e+00   1.1200000e+01   1.3860000e+02
   2.1480000e+02   1.2990000e+02   1.2980000e+02   9.6000000e+00   1.2000000e+01   1.3960000e+02
   2.1490000e+02   1.3000000e+02   1.2990000e+02   1.1400000e+01   1.0900000e+01   1.3970000e+02
   2.1390000e+02   1.3070000e+02   1.3050000e+02   8.7000000e+00   1.1500000e+01   1.3780000e+02
   2.1420000e+02   1.3060000e+02   1.3040000e+02   1.2000000e+01   1.0200000e+01   1.3960000e+02
   2.1480000e+02   1.3050000e+02   1.3030000e+02   1.1800000e+01   1.0500000e+01   1.3940000e+02
   2.1480000e+02   1.2960000e+02   1.3000000e+02   1.0400000e+01   1.1600000e+01   1.3920000e+02
   2.1480000e+02   1.3010000e+02   1.3000000e+02   1.1400000e+01   1.0500000e+01   1.3960000e+02
   2.1490000e+02   1.3040000e+02   1.3020000e+02   1.1900000e+01   1.0700000e+01   1.3900000e+02
   2.1430000e+02   1.3010000e+02   1.3010000e+02   1.1600000e+01   1.0500000e+01   1.3970000e+02
   2.1450000e+02   1.3040000e+02   1.3000000e+02   9.9000000e+00   1.2000000e+01   1.3960000e+02
   2.1480000e+02   1.3050000e+02   1.3030000e+02   1.0200000e+01   1.2100000e+01   1.3910000e+02
   2.1450000e+02   1.3020000e+02   1.3040000e+02   8.2000000e+00   1.1800000e+01   1.3780000e+02
   2.1500000e+02   1.3040000e+02   1.3010000e+02   1.1400000e+01   1.0700000e+01   1.3910000e+02
   2.1480000e+02   1.3060000e+02   1.3060000e+02   8.0000000e+00   1.1400000e+01   1.3870000e+02
   2.1500000e+02   1.3050000e+02   1.3010000e+02   1.1000000e+01   1.1400000e+01   1.3930000e+02
   2.1460000e+02   1.3050000e+02   1.3040000e+02   1.0100000e+01   1.1400000e+01   1.3930000e+02
   2.1470000e+02   1.3020000e+02   1.3010000e+02   1.0700000e+01   1.1100000e+01   1.3950000e+02
   2.1470000e+02   1.3040000e+02   1.3000000e+02   1.1500000e+01   1.0700000e+01   1.3940000e+02
   2.1450000e+02   1.3040000e+02   1.3000000e+02   8.0000000e+00   1.2200000e+01   1.3850000e+02
   2.1480000e+02   1.3000000e+02   1.2970000e+02   1.1400000e+01   1.0600000e+01   1.3920000e+02
   2.1480000e+02   1.2990000e+02   1.3020000e+02   9.6000000e+00   1.1900000e+01   1.3940000e+02
   2.1460000e+02   1.3030000e+02   1.3020000e+02   1.2700000e+01   9.1000000e+00   1.3920000e+02
   2.1510000e+02   1.3020000e+02   1.2980000e+02   1.0200000e+01   1.2000000e+01   1.3940000e+02
   2.1540000e+02   1.3050000e+02   1.3060000e+02   8.8000000e+00   1.1000000e+01   1.3860000e+02
   2.1470000e+02   1.3030000e+02   1.3020000e+02   1.0800000e+01   1.1100000e+01   1.3920000e+02
   2.1500000e+02   1.3050000e+02   1.3030000e+02   9.6000000e+00   1.1000000e+01   1.3850000e+02
   2.1490000e+02   1.3030000e+02   1.3050000e+02   1.1600000e+01   1.0600000e+01   1.3980000e+02
   2.1500000e+02   1.3040000e+02   1.3030000e+02   9.9000000e+00   1.2100000e+01   1.3960000e+02
   2.1510000e+02   1.3030000e+02   1.2990000e+02   1.0300000e+01   1.1500000e+01   1.3970000e+02
   2.1480000e+02   1.3030000e+02   1.3040000e+02   1.0600000e+01   1.1100000e+01   1.4000000e+02
   2.1470000e+02   1.3070000e+02   1.3080000e+02   1.1200000e+01   1.1200000e+01   1.3940000e+02
   2.1430000e+02   1.2990000e+02   1.2990000e+02   1.0200000e+01   1.1500000e+01   1.3960000e+02
   2.1480000e+02   1.3100000e+02   1.3110000e+02   9.0000000e+00   9.7000000e+00   1.4100000e+02
   2.1460000e+02   1.2970000e+02   1.2970000e+02   8.1000000e+00   9.5000000e+00   1.4170000e+02
   2.1480000e+02   1.2970000e+02   1.2970000e+02   8.7000000e+00   9.6000000e+00   1.4220000e+02
   2.1480000e+02   1.2970000e+02   1.2960000e+02   7.5000000e+00   1.0400000e+01   1.4200000e+02
   2.1500000e+02   1.2960000e+02   1.2970000e+02   1.0400000e+01   7.7000000e+00   1.4180000e+02
   2.1570000e+02   1.3080000e+02   1.3050000e+02   9.0000000e+00   1.0100000e+01   1.4140000e+02
   2.1550000e+02   1.2950000e+02   1.2970000e+02   7.9000000e+00   9.6000000e+00   1.4160000e+02
   2.1450000e+02   1.2960000e+02   1.2920000e+02   7.2000000e+00   1.0700000e+01   1.4170000e+02
   2.1490000e+02   1.2940000e+02   1.2970000e+02   8.2000000e+00   1.1000000e+01   1.4190000e+02
   2.1520000e+02   1.3040000e+02   1.3030000e+02   9.2000000e+00   1.0000000e+01   1.4070000e+02
   2.1530000e+02   1.3040000e+02   1.3030000e+02   7.9000000e+00   1.1700000e+01   1.4180000e+02
   2.1510000e+02   1.2950000e+02   1.2960000e+02   7.7000000e+00   1.0500000e+01   1.4220000e+02
   2.1520000e+02   1.3080000e+02   1.2960000e+02   7.9000000e+00   1.0800000e+01   1.4140000e+02
   2.1470000e+02   1.2970000e+02   1.2970000e+02   7.7000000e+00   1.0900000e+01   1.4170000e+02
   2.1510000e+02   1.2990000e+02   1.2970000e+02   7.7000000e+00   1.0800000e+01   1.4180000e+02
   2.1450000e+02   1.2980000e+02   1.2980000e+02   9.3000000e+00   8.5000000e+00   1.4160000e+02
   2.1460000e+02   1.2990000e+02   1.3010000e+02   8.2000000e+00   9.8000000e+00   1.4170000e+02
   2.1500000e+02   1.2990000e+02   1.2970000e+02   9.0000000e+00   9.0000000e+00   1.4190000e+02
   2.1520000e+02   1.2960000e+02   1.2960000e+02   7.4000000e+00   1.1500000e+01   1.4150000e+02
   2.1470000e+02   1.3020000e+02   1.2990000e+02   8.6000000e+00   1.0000000e+01   1.4190000e+02
   2.1500000e+02   1.2990000e+02   1.2930000e+02   8.4000000e+00   1.0000000e+01   1.4140000e+02
   2.1560000e+02   1.3050000e+02   1.3000000e+02   8.1000000e+00   1.0300000e+01   1.4160000e+02
   2.1530000e+02   1.3060000e+02   1.3000000e+02   8.4000000e+00   1.0800000e+01   1.4150000e+02
   2.1570000e+02   1.3020000e+02   1.3000000e+02   8.7000000e+00   1.0000000e+01   1.4160000e+02
   2.1510000e+02   1.2970000e+02   1.2990000e+02   7.4000000e+00   1.0800000e+01   1.4110000e+02
   2.1530000e+02   1.3040000e+02   1.3040000e+02   8.0000000e+00   1.1000000e+01   1.4230000e+02
   2.1550000e+02   1.3020000e+02   1.3010000e+02   8.9000000e+00   9.8000000e+00   1.4240000e+02
   2.1510000e+02   1.3030000e+02   1.3030000e+02   9.8000000e+00   9.5000000e+00   1.4190000e+02
   2.1510000e+02   1.3000000e+02   1.3000000e+02   7.4000000e+00   1.0500000e+01   1.4180000e+02
   2.1480000e+02   1.2970000e+02   1.2930000e+02   8.3000000e+00   9.0000000e+00   1.4200000e+02
   2.1520000e+02   1.3010000e+02   1.2980000e+02   7.9000000e+00   1.0700000e+01   1.4180000e+02
   2.1480000e+02   1.2970000e+02   1.2970000e+02   8.6000000e+00   9.1000000e+00   1.4230000e+02
   2.1500000e+02   1.3000000e+02   1.2960000e+02   7.7000000e+00   1.0500000e+01   1.4070000e+02
   2.1560000e+02   1.3040000e+02   1.3010000e+02   8.4000000e+00   1.0300000e+01   1.4100000e+02
   2.1590000e+02   1.3040000e+02   1.3000000e+02   8.9000000e+00   1.0600000e+01   1.4140000e+02
   2.1460000e+02   1.3020000e+02   1.3020000e+02   9.4000000e+00   9.7000000e+00   1.4180000e+02
   2.1550000e+02   1.3030000e+02   1.3000000e+02   8.4000000e+00   9.7000000e+00   1.4180000e+02
   2.1530000e+02   1.2990000e+02   1.2940000e+02   7.9000000e+00   1.0000000e+01   1.4200000e+02
   2.1530000e+02   1.3030000e+02   1.3010000e+02   8.5000000e+00   9.3000000e+00   1.4210000e+02
   2.1390000e+02   1.3030000e+02   1.2900000e+02   8.1000000e+00   9.7000000e+00   1.4130000e+02
   2.1440000e+02   1.2980000e+02   1.2920000e+02   8.9000000e+00   9.4000000e+00   1.4230000e+02
   2.1480000e+02   1.3010000e+02   1.2960000e+02   8.8000000e+00   9.9000000e+00   1.4090000e+02
   2.1490000e+02   1.2960000e+02   1.2940000e+02   9.3000000e+00   9.0000000e+00   1.4170000e+02
   2.1490000e+02   1.3040000e+02   1.2970000e+02   9.0000000e+00   9.8000000e+00   1.4090000e+02
   2.1480000e+02   1.2940000e+02   1.2910000e+02   8.2000000e+00   1.0200000e+01   1.4100000e+02
   2.1430000e+02   1.2950000e+02   1.2940000e+02   8.3000000e+00   1.0200000e+01   1.4180000e+02
   2.1480000e+02   1.2990000e+02   1.2970000e+02   8.3000000e+00   1.0200000e+01   1.4150000e+02
   2.1480000e+02   1.2990000e+02   1.2970000e+02   7.3000000e+00   1.0900000e+01   1.4200000e+02
   2.1460000e+02   1.2970000e+02   1.2980000e+02   7.9000000e+00   1.0300000e+01   1.4110000e+02
   2.1450000e+02   1.2900000e+02   1.2960000e+02   7.8000000e+00   9.8000000e+00   1.4200000e+02
   2.1460000e+02   1.2980000e+02   1.2940000e+02   7.2000000e+00   1.0000000e+01   1.4130000e+02
   2.1530000e+02   1.3060000e+02   1.3000000e+02   9.5000000e+00   9.7000000e+00   1.4110000e+02
   2.1450000e+02   1.3010000e+02   1.3000000e+02   7.8000000e+00   1.0900000e+01   1.4090000e+02
   2.1540000e+02   1.3020000e+02   1.3020000e+02   7.6000000e+00   1.0900000e+01   1.4160000e+02
   2.1450000e+02   1.2940000e+02   1.2950000e+02   7.9000000e+00   1.0000000e+01   1.4140000e+02
   2.1520000e+02   1.2970000e+02   1.2940000e+02   9.2000000e+00   9.4000000e+00   1.4200000e+02
   2.1570000e+02   1.3000000e+02   1.2940000e+02   9.2000000e+00   1.0400000e+01   1.4120000e+02
   2.1500000e+02   1.2960000e+02   1.2940000e+02   8.8000000e+00   9.0000000e+00   1.4110000e+02
   2.1510000e+02   1.3010000e+02   1.2990000e+02   7.9000000e+00   1.1000000e+01   1.4130000e+02
   2.1510000e+02   1.3000000e+02   1.2980000e+02   8.2000000e+00   1.0300000e+01   1.4140000e+02
   2.1510000e+02   1.2960000e+02   1.2930000e+02   8.3000000e+00   9.9000000e+00   1.4160000e+02
   2.1530000e+02   1.2970000e+02   1.2940000e+02   7.5000000e+00   1.0500000e+01   1.4150000e+02
   2.1540000e+02   1.2980000e+02   1.2940000e+02   8.0000000e+00   1.0600000e+01   1.4150000e+02
   2.1450000e+02   1.3000000e+02   1.2950000e+02   8.0000000e+00   1.0800000e+01   1.4140000e+02
   2.1500000e+02   1.3000000e+02   1.2980000e+02   8.6000000e+00   1.0600000e+01   1.4150000e+02
   2.1520000e+02   1.3060000e+02   1.3000000e+02   8.8000000e+00   1.0600000e+01   1.4080000e+02
   2.1460000e+02   1.2950000e+02   1.2920000e+02   7.7000000e+00   1.0300000e+01   1.4130000e+02
   2.1480000e+02   1.2970000e+02   1.2930000e+02   9.1000000e+00   9.5000000e+00   1.4150000e+02
   2.1510000e+02   1.2960000e+02   1.2980000e+02   8.6000000e+00   9.8000000e+00   1.4180000e+02
   2.1490000e+02   1.3020000e+02   1.3020000e+02   8.0000000e+00   1.1200000e+01   1.3960000e+02
   2.1380000e+02   1.2980000e+02   1.2950000e+02   8.4000000e+00   1.1100000e+01   1.4090000e+02
   2.1520000e+02   1.2990000e+02   1.2950000e+02   8.2000000e+00   1.0300000e+01   1.4140000e+02
   2.1500000e+02   1.2960000e+02   1.3020000e+02   8.7000000e+00   1.0000000e+01   1.4120000e+02
   2.1440000e+02   1.2990000e+02   1.2960000e+02   7.5000000e+00   1.0500000e+01   1.4180000e+02
   2.1520000e+02   1.2990000e+02   1.2970000e+02   7.2000000e+00   1.0600000e+01   1.4210000e+02
   2.1410000e+02   1.2960000e+02   1.2930000e+02   7.6000000e+00   1.0700000e+01   1.4170000e+02
   2.1490000e+02   1.2990000e+02   1.3010000e+02   8.8000000e+00   1.0000000e+01   1.4120000e+02
   2.1460000e+02   1.2980000e+02   1.2940000e+02   7.4000000e+00   1.0600000e+01   1.4100000e+02
   2.1520000e+02   1.3050000e+02   1.2980000e+02   7.9000000e+00   1.0900000e+01   1.4090000e+02
   2.1460000e+02   1.2990000e+02   1.2940000e+02   7.9000000e+00   1.0000000e+01   1.4180000e+02
   2.1510000e+02   1.2970000e+02   1.2970000e+02   8.6000000e+00   1.0300000e+01   1.4060000e+02
   2.1490000e+02   1.2980000e+02   1.2960000e+02   7.5000000e+00   1.0300000e+01   1.4100000e+02
   2.1520000e+02   1.2970000e+02   1.2910000e+02   9.0000000e+00   9.7000000e+00   1.4190000e+02
   2.1520000e+02   1.3010000e+02   1.2990000e+02   7.9000000e+00   1.0800000e+01   1.4130000e+02
   2.1540000e+02   1.3070000e+02   1.3020000e+02   9.0000000e+00   1.1100000e+01   1.4120000e+02
   2.1510000e+02   1.2990000e+02   1.2960000e+02   8.9000000e+00   1.0200000e+01   1.4150000e+02
   2.1520000e+02   1.2990000e+02   1.2970000e+02   8.7000000e+00   9.5000000e+00   1.4160000e+02
   2.1500000e+02   1.2960000e+02   1.2920000e+02   8.4000000e+00   1.0200000e+01   1.4210000e+02
   2.1490000e+02   1.3030000e+02   1.2990000e+02   7.4000000e+00   1.1200000e+01   1.4150000e+02
   2.1500000e+02   1.2990000e+02   1.2970000e+02   8.0000000e+00   1.0500000e+01   1.4200000e+02
   2.1470000e+02   1.2970000e+02   1.2930000e+02   8.6000000e+00   9.6000000e+00   1.4160000e+02
   2.1540000e+02   1.3000000e+02   1.2990000e+02   8.5000000e+00   9.7000000e+00   1.4140000e+02
   2.1490000e+02   1.2940000e+02   1.2950000e+02   8.2000000e+00   9.9000000e+00   1.4150000e+02
   2.1450000e+02   1.2950000e+02   1.2930000e+02   7.4000000e+00   1.0700000e+01   1.4150000e+02
   2.1470000e+02   1.2960000e+02   1.2950000e+02   8.3000000e+00   1.0000000e+01   1.4200000e+02
   2.1560000e+02   1.2990000e+02   1.2990000e+02   9.0000000e+00   9.5000000e+00   1.4170000e+02
   2.1500000e+02   1.3040000e+02   1.3030000e+02   9.1000000e+00   1.0200000e+01   1.4110000e+02
   2.1440000e+02   1.2970000e+02   1.2950000e+02   8.0000000e+00   1.0300000e+01   1.4120000e+02
   2.1510000e+02   1.3000000e+02   1.2980000e+02   9.1000000e+00   1.0200000e+01   1.4150000e+02
   2.1470000e+02   1.3000000e+02   1.2940000e+02   7.8000000e+00   1.0000000e+01   1.4120000e+02
